  0.90000000      -6.6006374      0.18302672E-01  0.10000000E-02 -0.89729272E-03
  0.90000000      -5.9822266      0.36385492E-01  0.20000000E-02 -0.17891594E-02
  0.90000000      -5.6227385      0.54249915E-01  0.30000000E-02 -0.26755826E-02
  0.90000000      -5.3692640      0.71897374E-01  0.40000000E-02 -0.35565440E-02
  0.90000000      -5.1738833      0.89329286E-01  0.50000000E-02 -0.44320250E-02
  0.90000000      -5.0152517      0.10654705      0.60000000E-02 -0.53020060E-02
  0.90000000      -4.8819835      0.12355204      0.70000000E-02 -0.61664672E-02
  0.90000000      -4.7672824      0.14034563      0.80000000E-02 -0.70253877E-02
  0.90000000      -4.6667648      0.15692914      0.90000000E-02 -0.78787461E-02
  0.90000000      -4.5774377      0.17330390      0.10000000E-01 -0.87265204E-02
  0.90000000      -4.4971664      0.18947121      0.11000000E-01 -0.95686877E-02
  0.90000000      -4.4243746      0.20543236      0.12000000E-01 -0.10405224E-01
  0.90000000      -4.3578656      0.22118860      0.13000000E-01 -0.11236106E-01
  0.90000000      -4.2967090      0.23674118      0.14000000E-01 -0.12061306E-01
  0.90000000      -4.2401675      0.25209132      0.15000000E-01 -0.12880801E-01
  0.90000000      -4.1876466      0.26724021      0.16000000E-01 -0.13694561E-01
  0.90000000      -4.1386602      0.28218905      0.17000000E-01 -0.14502560E-01
  0.90000000      -4.0928057      0.29693899      0.18000000E-01 -0.15304768E-01
  0.90000000      -4.0497459      0.31149117      0.19000000E-01 -0.16101155E-01
  0.90000000      -4.0091954      0.32584671      0.20000000E-01 -0.16891690E-01
  0.90000000      -3.9709110      0.34000670      0.21000000E-01 -0.17676341E-01
  0.90000000      -3.9346832      0.35397222      0.22000000E-01 -0.18455076E-01
  0.90000000      -3.9003306      0.36774432      0.23000000E-01 -0.19227858E-01
  0.90000000      -3.8676952      0.38132403      0.24000000E-01 -0.19994654E-01
  0.90000000      -3.8366382      0.39471236      0.25000000E-01 -0.20755425E-01
  0.90000000      -3.8070372      0.40791031      0.26000000E-01 -0.21510134E-01
  0.90000000      -3.7787838      0.42091882      0.27000000E-01 -0.22258741E-01
  0.90000000      -3.7517814      0.43373885      0.28000000E-01 -0.23001206E-01
  0.90000000      -3.7259437      0.44637131      0.29000000E-01 -0.23737485E-01
  0.90000000      -3.7011933      0.45881709      0.30000000E-01 -0.24467536E-01
  0.90000000      -3.6774602      0.47107708      0.31000000E-01 -0.25191313E-01
  0.90000000      -3.6546814      0.48315211      0.32000000E-01 -0.25908769E-01
  0.90000000      -3.6327995      0.49504302      0.33000000E-01 -0.26619856E-01
  0.90000000      -3.6117627      0.50675061      0.34000000E-01 -0.27324523E-01
  0.90000000      -3.5915232      0.51827566      0.35000000E-01 -0.28022720E-01
  0.90000000      -3.5720378      0.52961893      0.36000000E-01 -0.28714392E-01
  0.90000000      -3.5532665      0.54078116      0.37000000E-01 -0.29399484E-01
  0.90000000      -3.5351729      0.55176307      0.38000000E-01 -0.30077940E-01
  0.90000000      -3.5177232      0.56256535      0.39000000E-01 -0.30749702E-01
  0.90000000      -3.5008863      0.57318867      0.40000000E-01 -0.31414708E-01
  0.90000000      -3.4846335      0.58363370      0.41000000E-01 -0.32072898E-01
  0.90000000      -3.4689382      0.59390108      0.42000000E-01 -0.32724207E-01
  0.90000000      -3.4537757      0.60399144      0.43000000E-01 -0.33368571E-01
  0.90000000      -3.4391230      0.61390537      0.44000000E-01 -0.34005922E-01
  0.90000000      -3.4249588      0.62364349      0.45000000E-01 -0.34636192E-01
  0.90000000      -3.4112630      0.63320636      0.46000000E-01 -0.35259310E-01
  0.90000000      -3.3980171      0.64259458      0.47000000E-01 -0.35875206E-01
  0.90000000      -3.3852038      0.65180868      0.48000000E-01 -0.36483806E-01
  0.90000000      -3.3728066      0.66084920      0.49000000E-01 -0.37085033E-01
  0.90000000      -3.3608105      0.66971666      0.50000000E-01 -0.37678809E-01
  0.90000000      -3.3492011      0.67841152      0.51000000E-01 -0.38265053E-01
  0.90000000      -3.3379651      0.68693417      0.52000000E-01 -0.38843674E-01
  0.90000000      -3.3270902      0.69528491      0.53000000E-01 -0.39414577E-01
  0.90000000      -3.3165649      0.70346384      0.54000000E-01 -0.39977652E-01
  0.90000000      -3.3063787      0.71147085      0.55000000E-01 -0.40532771E-01
  0.90000000      -3.2965223      0.71930541      0.56000000E-01 -0.41079776E-01
  0.90000000      -3.2869875      0.72696643      0.57000000E-01 -0.41618467E-01
  0.90000000      -3.2777677      0.73445191      0.58000000E-01 -0.42148579E-01
  0.90000000      -3.2688585      0.74175844      0.59000000E-01 -0.42669742E-01
  0.90000000      -3.2602587      0.74888011      0.60000000E-01 -0.43181401E-01
  0.90000000      -3.2519741      0.75580545      0.61000000E-01 -0.43682592E-01
  0.90000000      -3.2440525      0.76248726      0.62000000E-01 -0.44169733E-01
  0.90000000      -3.2366925      0.76874833      0.63000000E-01 -0.44629971E-01
  0.90000000      -3.2294061      0.77499731      0.64000000E-01 -0.45092615E-01
  0.90000000      -3.2280095      0.77620090      0.65000000E-01 -0.45335376E-01
  0.90000000      -3.2380046      0.76762838      0.66000000E-01 -0.45105777E-01
  0.90000000      -3.2498022      0.75763165      0.67000000E-01 -0.44717272E-01
  0.90000000      -3.2420541      0.76418219      0.68000000E-01 -0.45240285E-01
  0.90000000      -3.2341901      0.77088874      0.69000000E-01 -0.45778951E-01
  0.90000000      -3.2265949      0.77742184      0.70000000E-01 -0.46306790E-01
  0.90000000      -3.2198786      0.78324513      0.71000000E-01 -0.46780261E-01
  0.90000000      -3.2127778      0.78944923      0.72000000E-01 -0.47287949E-01
  0.90000000      -3.2059706      0.79544292      0.73000000E-01 -0.47781444E-01
  0.90000000      -3.1995683      0.80112155      0.74000000E-01 -0.48251966E-01
  0.90000000      -3.1949061      0.80528234      0.75000000E-01 -0.48599527E-01
  0.90000000      -3.1943677      0.80576420      0.76000000E-01 -0.48644366E-01
  0.90000000      -3.1879604      0.81152111      0.77000000E-01 -0.49134527E-01
  0.90000000      -3.1816119      0.81726573      0.78000000E-01 -0.49626527E-01
  0.90000000      -3.1753820      0.82294252      0.79000000E-01 -0.50115560E-01
  0.90000000      -3.1692985      0.82852400      0.80000000E-01 -0.50599186E-01
  0.90000000      -3.1633768      0.83399343      0.81000000E-01 -0.51075872E-01
  0.90000000      -3.1576266      0.83933897      0.82000000E-01 -0.51544499E-01
  0.90000000      -3.1520551      0.84455102      0.83000000E-01 -0.52004129E-01
  0.90000000      -3.1466694      0.84962009      0.84000000E-01 -0.52453822E-01
  0.90000000      -3.1414822      0.85453107      0.85000000E-01 -0.52892124E-01
  0.90000000      -3.1368911      0.85890130      0.86000000E-01 -0.53286003E-01
  0.90000000      -3.1324152      0.86318347      0.87000000E-01 -0.53674077E-01
  0.90000000      -3.1277034      0.86771442      0.88000000E-01 -0.54086347E-01
  0.90000000      -3.1231898      0.87207697      0.89000000E-01 -0.54485778E-01
  0.90000000      -3.1188984      0.87624521      0.90000000E-01 -0.54869842E-01
  0.90000000      -3.1168841      0.87820854      0.91000000E-01 -0.55060798E-01
  0.90000000      -3.1127223      0.88227896      0.92000000E-01 -0.55441586E-01
  0.90000000      -3.1087469      0.88618472      0.93000000E-01 -0.55809296E-01
  0.90000000      -3.1049663      0.88991506      0.94000000E-01 -0.56162760E-01
  0.90000000      -3.1016239      0.89322618      0.95000000E-01 -0.56479661E-01
  0.90000000      -3.0985699      0.89626235      0.96000000E-01 -0.56773934E-01
  0.90000000      -3.0953183      0.89950626      0.97000000E-01 -0.57087691E-01
  0.90000000      -3.0923000      0.90252800      0.98000000E-01 -0.57381958E-01
  0.90000000      -3.0895435      0.90529648      0.99000000E-01 -0.57653449E-01
  0.90000000      -3.0870964      0.90776136      0.10000000     -0.57896910E-01
  0.90000000      -3.0850258      0.90985220      0.10100000     -0.58104969E-01
  0.90000000      -3.0833933      0.91150411      0.10200000     -0.58270633E-01
  0.90000000      -3.0822409      0.91267199      0.10300000     -0.58388715E-01
  0.90000000      -3.0815727      0.91334977      0.10400000     -0.58457825E-01
  0.90000000      -3.0813111      0.91361531      0.10500000     -0.58485141E-01
  0.90000000      -3.0811604      0.91376827      0.10600000     -0.58500988E-01
  0.90000000      -3.0806500      0.91428663      0.10700000     -0.58555385E-01
  0.90000000      -3.0796676      0.91528522      0.10800000     -0.58661036E-01
  0.90000000      -3.0782316      0.91674677      0.10900000     -0.58816877E-01
  0.90000000      -3.0764016      0.91861267      0.11000000     -0.59017287E-01
  0.90000000      -3.0742641      0.92079706      0.11100000     -0.59253513E-01
  0.90000000      -3.0719127      0.92320593      0.11200000     -0.59515706E-01
  0.90000000      -3.0694186      0.92576787      0.11300000     -0.59796300E-01
  0.90000000      -3.0668310      0.92843339      0.11400000     -0.60090000E-01
  0.90000000      -3.0641863      0.93116566      0.11500000     -0.60392822E-01
  0.90000000      -3.0634946      0.93188160      0.11600000     -0.60601135E-01
  0.90000000      -3.0664189      0.92885857      0.11700000     -0.60600103E-01
  0.90000000      -3.0637828      0.93158320      0.11800000     -0.60909849E-01
  0.90000000      -3.0745789      0.92047503      0.11900000     -0.60452694E-01
  0.90000000      -3.0722592      0.92285055      0.12000000     -0.60729911E-01
  0.90000000      -3.0732919      0.92179217      0.12100000     -0.60787113E-01
  0.90000000      -3.0708743      0.92427169      0.12200000     -0.61080870E-01
  0.90000000      -3.0699115      0.92526100      0.12300000     -0.61280841E-01
  0.90000000      -3.0673497      0.92789844      0.12400000     -0.61597228E-01
  0.90000000      -3.0667141      0.92855396      0.12500000     -0.61762039E-01
  0.90000000      -3.0640776      0.93127814      0.12600000     -0.62092928E-01
  0.90000000      -3.0614180      0.93403422      0.12700000     -0.62429366E-01
  0.90000000      -3.0587618      0.93679492      0.12800000     -0.62768028E-01
  0.90000000      -3.0561392      0.93952876      0.12900000     -0.63105031E-01
  0.90000000      -3.0571628      0.93846076      0.13000000     -0.62998216E-01
  0.90000000      -3.0545199      0.94122066      0.13100000     -0.63343113E-01
  0.90000000      -3.0521743      0.94367692      0.13200000     -0.63654227E-01
  0.90000000      -3.0495727      0.94640867      0.13300000     -0.63998929E-01
  0.90000000      -3.0470266      0.94908989      0.13400000     -0.64338833E-01
  0.90000000      -3.0445488      0.95170645      0.13500000     -0.64672093E-01
  0.90000000      -3.0421596      0.95423619      0.13600000     -0.64995810E-01
  0.90000000      -3.0443313      0.95193645      0.13700000     -0.64758425E-01
  0.90000000      -3.0422806      0.95410799      0.13800000     -0.65042903E-01
  0.90000000      -3.0410342      0.95543021      0.13900000     -0.65227147E-01
  0.90000000      -3.0763916      0.91862291      0.14000000     -0.60413244E-01
  0.90000000      -3.0788300      0.91613746      0.14100000     -0.60020717E-01
  0.90000000      -3.0803351      0.91460663      0.14200000     -0.59722570E-01
  0.90000000      -3.0801277      0.91481739      0.14300000     -0.59752122E-01
  0.90000000      -3.0802678      0.91467500      0.14400000     -0.59704044E-01
  0.90000000      -3.0803413      0.91460036      0.14500000     -0.59669304E-01
  0.90000000      -3.0807660      0.91416881      0.14600000     -0.59517633E-01
  0.90000000      -3.0808202      0.91411383      0.14700000     -0.59464276E-01
  0.90000000      -3.0807792      0.91415542      0.14800000     -0.59470318E-01
  0.90000000      -3.0807181      0.91421754      0.14900000     -0.59479401E-01
  0.90000000      -3.0806395      0.91429733      0.15000000     -0.59491145E-01
  0.90000000      -3.0805439      0.91439442      0.15100000     -0.59505527E-01
  0.90000000      -3.0804309      0.91450929      0.15200000     -0.59522658E-01
  0.90000000      -3.0802998      0.91464254      0.15300000     -0.59542658E-01
  0.90000000      -3.0801492      0.91479554      0.15400000     -0.59565766E-01
  0.90000000      -3.0799772      0.91497039      0.15500000     -0.59592344E-01
  0.90000000      -3.0797810      0.91516989      0.15600000     -0.59622857E-01
  0.90000000      -3.0795575      0.91539714      0.15700000     -0.59657830E-01
  0.90000000      -3.0793975      0.91555993      0.15800000     -0.59675122E-01
  0.90000000      -3.0791789      0.91578235      0.15900000     -0.59705846E-01
  0.90000000      -3.0788833      0.91608320      0.16000000     -0.59753000E-01
  0.90000000      -3.0786722      0.91629805      0.16100000     -0.59779142E-01
  0.90000000      -3.0789249      0.91604089      0.16200000     -0.59695695E-01
  0.90000000      -3.0787885      0.91617963      0.16300000     -0.59706186E-01
  0.90000000      -3.0784886      0.91648507      0.16400000     -0.59755238E-01
  0.90000000      -3.0781507      0.91682919      0.16500000     -0.59810822E-01
  0.90000000      -3.0777752      0.91721180      0.16600000     -0.59872970E-01
  0.90000000      -3.0773603      0.91763473      0.16700000     -0.59942055E-01
  0.90000000      -3.0769037      0.91810040      0.16800000     -0.60018539E-01
  0.90000000      -3.0764030      0.91861128      0.16900000     -0.60102906E-01
  0.90000000      -3.0758561      0.91916966      0.17000000     -0.60195610E-01
  0.90000000      -3.0752612      0.91977740      0.17100000     -0.60297039E-01
  0.90000000      -3.0746172      0.92043579      0.17200000     -0.60407490E-01
  0.90000000      -3.0739236      0.92114549      0.17300000     -0.60527153E-01
  0.90000000      -3.0731804      0.92190643      0.17400000     -0.60656096E-01
  0.90000000      -3.0723889      0.92271753      0.17500000     -0.60794213E-01
  0.90000000      -3.0715521      0.92357590      0.17600000     -0.60941082E-01
  0.90000000      -3.0708846      0.92426111      0.17700000     -0.61059361E-01
  0.90000000      -3.0702116      0.92495248      0.17800000     -0.61177988E-01
  0.90000000      -3.0695891      0.92559249      0.17900000     -0.61283067E-01
  0.90000000      -3.0706705      0.92448102      0.18000000     -0.61119700E-01
  0.90000000      -3.0697902      0.92538568      0.18100000     -0.61275412E-01
  0.90000000      -3.0690033      0.92619509      0.18200000     -0.61412001E-01
  0.90000000      -3.0679193      0.92731136      0.18300000     -0.61609845E-01
  0.90000000      -3.0667691      0.92849722      0.18400000     -0.61820911E-01
  0.90000000      -3.0684568      0.92675770      0.18500000     -0.61451309E-01
  0.90000000      -3.0674879      0.92775598      0.18600000     -0.61631054E-01
  0.90000000      -3.0664354      0.92884152      0.18700000     -0.61827341E-01
  0.90000000      -3.0653182      0.92999531      0.18800000     -0.62036836E-01
  0.90000000      -3.0641434      0.93121000      0.18900000     -0.62258278E-01
  0.90000000      -3.0629161      0.93248071      0.19000000     -0.62490854E-01
  0.90000000      -3.0616407      0.93380313      0.19100000     -0.62733830E-01
  0.90000000      -3.0603218      0.93517258      0.19200000     -0.62986405E-01
  0.90000000      -3.0592849      0.93625056      0.19300000     -0.63181213E-01
  0.90000000      -3.0579168      0.93767488      0.19400000     -0.63445948E-01
  0.90000000      -3.0565257      0.93912537      0.19500000     -0.63716524E-01
  0.90000000      -3.0574309      0.93818127      0.19600000     -0.63501365E-01
  0.90000000      -3.0573556      0.93825977      0.19700000     -0.63494484E-01
  0.90000000      -3.0574787      0.93813147      0.19800000     -0.63447021E-01
  0.90000000      -3.0570547      0.93857351      0.19900000     -0.63516630E-01
  0.90000000      -3.0559033      0.93977506      0.20000000     -0.63746346E-01
  0.90000000      -3.0548414      0.94088449      0.20100000     -0.63961767E-01
  0.90000000      -3.0540644      0.94169714      0.20200000     -0.64124907E-01
  0.90000000      -3.0556938      0.93999380      0.20300000     -0.63844874E-01
  0.90000000      -3.0543206      0.94142914      0.20400000     -0.64124332E-01
  0.90000000      -3.0528868      0.94293016      0.20500000     -0.64417553E-01
  0.90000000      -3.0514041      0.94448481      0.20600000     -0.64722241E-01
  0.90000000      -3.0511862      0.94471353      0.20700000     -0.64767805E-01
  0.90000000      -3.0498337      0.94613432      0.20800000     -0.65046420E-01
  0.90000000      -3.0486120      0.94741950      0.20900000     -0.65297221E-01
  0.90000000      -3.0483226      0.94772413      0.21000000     -0.65456038E-01
  0.90000000      -3.0469308      0.94919093      0.21100000     -0.65747202E-01
  0.90000000      -3.0537286      0.94204853      0.21200000     -0.65214430E-01
  0.90000000      -3.0553847      0.94031667      0.21300000     -0.64913190E-01
  0.90000000      -3.0538900      0.94187968      0.21400000     -0.65232325E-01
  0.90000000      -3.0537148      0.94206297      0.21500000     -0.65428049E-01
  0.90000000      -3.0553597      0.94034278      0.21600000     -0.65124298E-01
  0.90000000      -3.0538673      0.94190338      0.21700000     -0.65447409E-01
  0.90000000      -3.0523307      0.94351290      0.21800000     -0.65781623E-01
  0.90000000      -3.0507572      0.94516389      0.21900000     -0.66125429E-01
  0.90000000      -3.0491528      0.94685039      0.22000000     -0.66477615E-01
  0.90000000      -3.0475229      0.94856669      0.22100000     -0.66837010E-01
  0.90000000      -3.0462284      0.94993194      0.22200000     -0.67120233E-01
  0.90000000      -3.0471444      0.94896566      0.22300000     -0.66890098E-01
  0.90000000      -3.0467241      0.94940892      0.22400000     -0.66971473E-01
  0.90000000      -3.0451927      0.95102579      0.22500000     -0.67315280E-01
  0.90000000      -3.0436370      0.95267107      0.22600000     -0.67666082E-01
  0.90000000      -3.0420721      0.95432901      0.22700000     -0.68020535E-01
  0.90000000      -3.0406959      0.95578943      0.22800000     -0.68332431E-01
  0.90000000      -3.0435875      0.95272347      0.22900000     -0.67638283E-01
  0.90000000      -3.0494763      0.94651004      0.23000000     -0.66184855E-01
  0.90000000      -3.0493360      0.94665765      0.23100000     -0.66198595E-01
  0.90000000      -3.0484645      0.94757475      0.23200000     -0.66400360E-01
  0.90000000      -3.0474312      0.94866326      0.23300000     -0.66640605E-01
  0.90000000      -3.0463059      0.94985020      0.23400000     -0.66903380E-01
  0.90000000      -3.0451172      0.95110556      0.23500000     -0.67182134E-01
  0.90000000      -3.0438822      0.95241164      0.23600000     -0.67472990E-01
  0.90000000      -3.0428745      0.95347862      0.23700000     -0.67712724E-01
  0.90000000      -3.0415891      0.95484128      0.23800000     -0.68017989E-01
  0.90000000      -3.0402990      0.95621104      0.23900000     -0.68325692E-01
  0.90000000      -3.0394249      0.95714020      0.24000000     -0.68534989E-01
  0.90000000      -3.0417330      0.95468866      0.24100000     -0.68045618E-01
  0.90000000      -3.0403031      0.95620663      0.24200000     -0.68390936E-01
  0.90000000      -3.0388413      0.95776103      0.24300000     -0.68745436E-01
  0.90000000      -3.0379772      0.95868102      0.24400000     -0.68947434E-01
  0.90000000      -3.0366707      0.96007373      0.24500000     -0.69265129E-01
  0.90000000      -3.0368644      0.95986715      0.24600000     -0.69221307E-01
  0.90000000      -3.0365484      0.96020416      0.24700000     -0.69285598E-01
  0.90000000      -3.0368420      0.95989095      0.24800000     -0.69190543E-01
  0.90000000      -3.0355575      0.96126189      0.24900000     -0.69509745E-01
  0.90000000      -3.0361835      0.96059353      0.25000000     -0.69326824E-01
  0.90000000      -3.0360060      0.96078299      0.25100000     -0.69390366E-01
  0.90000000      -3.0359274      0.96086690      0.25200000     -0.69416112E-01
  0.90000000      -3.0365154      0.96023939      0.25300000     -0.69310744E-01
  0.90000000      -3.0362087      0.96056669      0.25400000     -0.69384110E-01
  0.90000000      -3.0349601      0.96190023      0.25500000     -0.69700229E-01
  0.90000000      -3.0359267      0.96086774      0.25600000     -0.69423693E-01
  0.90000000      -3.0352936      0.96154389      0.25700000     -0.69577652E-01
  0.90000000      -3.0341729      0.96274188      0.25800000     -0.69864553E-01
  0.90000000      -3.0332084      0.96377423      0.25900000     -0.70115633E-01
  0.90000000      -3.0318828      0.96519476      0.26000000     -0.70459617E-01
  0.90000000      -3.0308525      0.96630038      0.26100000     -0.70730213E-01
  0.90000000      -3.0297328      0.96750325      0.26200000     -0.71019837E-01
  0.90000000      -3.0285018      0.96882759      0.26300000     -0.71341507E-01
  0.90000000      -3.0271288      0.97030664      0.26400000     -0.71703274E-01
  0.90000000      -3.0257479      0.97179662      0.26500000     -0.72068539E-01
  0.90000000      -3.0243685      0.97328711      0.26600000     -0.72434747E-01
  0.90000000      -3.0232011      0.97455047      0.26700000     -0.72750103E-01
  0.90000000      -3.0221377      0.97570262      0.26800000     -0.73037462E-01
  0.90000000      -3.0226659      0.97513019      0.26900000     -0.72874292E-01
  0.90000000      -3.0214240      0.97647660      0.27000000     -0.73208966E-01
  0.90000000      -3.0202730      0.97772629      0.27100000     -0.73519020E-01
  0.90000000      -3.0190288      0.97907885      0.27200000     -0.73856811E-01
  0.90000000      -3.0178119      0.98040361      0.27300000     -0.74188423E-01
  0.90000000      -3.0177208      0.98050279      0.27400000     -0.74241335E-01
  0.90000000      -3.0164605      0.98187680      0.27500000     -0.74587290E-01
  0.90000000      -3.0152292      0.98322100      0.27600000     -0.74926502E-01
  0.90000000      -3.0140392      0.98452188      0.27700000     -0.75255527E-01
  0.90000000      -3.0134718      0.98514276      0.27800000     -0.75427901E-01
  0.90000000      -3.0161906      0.98217130      0.27900000     -0.74980211E-01
  0.90000000      -3.0149645      0.98351030      0.28000000     -0.75322914E-01
  0.90000000      -3.0239932      0.97369314      0.28100000     -0.73531800E-01
  0.90000000      -3.0225643      0.97524022      0.28200000     -0.73934023E-01
  0.90000000      -3.0227308      0.97505985      0.28300000     -0.73869364E-01
  0.90000000      -3.0223568      0.97546510      0.28400000     -0.73990864E-01
  0.90000000      -3.0264937      0.97099161      0.28500000     -0.73192674E-01
  0.90000000      -3.0252909      0.97229014      0.28600000     -0.73539949E-01
  0.90000000      -3.0238416      0.97385714      0.28700000     -0.73955182E-01
  0.90000000      -3.0239775      0.97371009      0.28800000     -0.73937832E-01
  0.90000000      -3.0224988      0.97531117      0.28900000     -0.74364425E-01
  0.90000000      -3.0226781      0.97511694      0.29000000     -0.74294967E-01
  0.90000000      -3.0213378      0.97657017      0.29100000     -0.74684324E-01
  0.90000000      -3.0201009      0.97791320      0.29200000     -0.75043570E-01
  0.90000000      -3.0187637      0.97936722      0.29300000     -0.75434695E-01
  0.90000000      -3.0174473      0.98080079      0.29400000     -0.75821065E-01
  0.90000000      -3.0161618      0.98220270      0.29500000     -0.76199642E-01
  0.90000000      -3.0149183      0.98356079      0.29600000     -0.76567111E-01
  0.90000000      -3.0137364      0.98485320      0.29700000     -0.76917519E-01
  0.90000000      -3.0133540      0.98527171      0.29800000     -0.77051215E-01
  0.90000000      -3.0123772      0.98634164      0.29900000     -0.77347882E-01
  0.90000000      -3.0115045      0.98729855      0.30000000     -0.77614345E-01
  0.90000000      -3.0104549      0.98845062      0.30100000     -0.77929737E-01
  0.90000000      -3.0095208      0.98947707      0.30200000     -0.78211360E-01
  0.90000000      -3.0090614      0.98998235      0.30300000     -0.78366616E-01
  0.90000000      -3.0082274      0.99090010      0.30400000     -0.78619709E-01
  0.90000000      -3.0076570      0.99152832      0.30500000     -0.78798906E-01
  0.90000000      -3.0074829      0.99172009      0.30600000     -0.78874137E-01
  0.90000000      -3.0068993      0.99236340      0.30700000     -0.79053006E-01
  0.90000000      -3.0064558      0.99285260      0.30800000     -0.79189386E-01
  0.90000000      -3.0061794      0.99315757      0.30900000     -0.79274649E-01
  0.90000000      -3.0060280      0.99332466      0.31000000     -0.79321494E-01
  0.90000000      -3.0059665      0.99339248      0.31100000     -0.79346275E-01
  0.90000000      -3.0059357      0.99342650      0.31200000     -0.79355876E-01
  0.90000000      -3.0059115      0.99345315      0.31300000     -0.79363422E-01
  0.90000000      -3.0057405      0.99364193      0.31400000     -0.79422451E-01
