  0.90000000      -6.6006374      0.18302672E-01  0.56651940E-03 -0.50835691E-03
  0.90000000      -5.9822266      0.36385492E-01  0.11329324E-02 -0.10135932E-02
  0.90000000      -5.6227385      0.54249915E-01  0.16992329E-02 -0.15156976E-02
  0.90000000      -5.3692640      0.71897374E-01  0.22654147E-02 -0.20146588E-02
  0.90000000      -5.1738833      0.89329286E-01  0.28314712E-02 -0.25104648E-02
  0.90000000      -5.0152517      0.10654705      0.33973951E-02 -0.30031034E-02
  0.90000000      -4.8819835      0.12355204      0.39631792E-02 -0.34925619E-02
  0.90000000      -4.7672824      0.14034563      0.45288154E-02 -0.39788272E-02
  0.90000000      -4.6667648      0.15692914      0.50942955E-02 -0.44618859E-02
  0.90000000      -4.5774377      0.17330390      0.56596105E-02 -0.49417237E-02
  0.90000000      -4.4971664      0.18947121      0.62247511E-02 -0.54183264E-02
  0.90000000      -4.4243746      0.20543236      0.67897073E-02 -0.58916789E-02
  0.90000000      -4.3578656      0.22118860      0.73544686E-02 -0.63617658E-02
  0.90000000      -4.2967090      0.23674118      0.79190238E-02 -0.68285710E-02
  0.90000000      -4.2401675      0.25209132      0.84833611E-02 -0.72920780E-02
  0.90000000      -4.1876466      0.26724021      0.90474679E-02 -0.77522696E-02
  0.90000000      -4.1386602      0.28218905      0.96113309E-02 -0.82091282E-02
  0.90000000      -4.0928057      0.29693899      0.10174936E-01 -0.86626353E-02
  0.90000000      -4.0497459      0.31149117      0.10738268E-01 -0.91127720E-02
  0.90000000      -4.0091954      0.32584671      0.11301311E-01 -0.95595187E-02
  0.90000000      -3.9709110      0.34000670      0.11864048E-01 -0.10002855E-01
  0.90000000      -3.9346832      0.35397222      0.12426461E-01 -0.10442760E-01
  0.90000000      -3.9003306      0.36774432      0.12988530E-01 -0.10879212E-01
  0.90000000      -3.8676952      0.38132403      0.13550237E-01 -0.11312188E-01
  0.90000000      -3.8366382      0.39471236      0.14111558E-01 -0.11741664E-01
  0.90000000      -3.8070372      0.40791031      0.14672471E-01 -0.12167618E-01
  0.90000000      -3.7787838      0.42091882      0.15232951E-01 -0.12590024E-01
  0.90000000      -3.7517814      0.43373885      0.15792972E-01 -0.13008855E-01
  0.90000000      -3.7259437      0.44637131      0.16352507E-01 -0.13424086E-01
  0.90000000      -3.7011933      0.45881709      0.16911527E-01 -0.13835688E-01
  0.90000000      -3.6774602      0.47107708      0.17469999E-01 -0.14243633E-01
  0.90000000      -3.6546814      0.48315211      0.18027891E-01 -0.14647891E-01
  0.90000000      -3.6327995      0.49504302      0.18585167E-01 -0.15048432E-01
  0.90000000      -3.6117627      0.50675061      0.19141790E-01 -0.15445224E-01
  0.90000000      -3.5915232      0.51827566      0.19697719E-01 -0.15838234E-01
  0.90000000      -3.5720378      0.52961893      0.20252913E-01 -0.16227429E-01
  0.90000000      -3.5532665      0.54078116      0.20807327E-01 -0.16612773E-01
  0.90000000      -3.5351729      0.55176307      0.21360911E-01 -0.16994232E-01
  0.90000000      -3.5177232      0.56256535      0.21913617E-01 -0.17371768E-01
  0.90000000      -3.5008863      0.57318867      0.22465390E-01 -0.17745343E-01
  0.90000000      -3.4846335      0.58363370      0.23016174E-01 -0.18114919E-01
  0.90000000      -3.4689382      0.59390108      0.23565908E-01 -0.18480454E-01
  0.90000000      -3.4537757      0.60399144      0.24114529E-01 -0.18841909E-01
  0.90000000      -3.4391230      0.61390537      0.24661969E-01 -0.19199240E-01
  0.90000000      -3.4249588      0.62364349      0.25208158E-01 -0.19552405E-01
  0.90000000      -3.4112630      0.63320636      0.25753022E-01 -0.19901361E-01
  0.90000000      -3.3980171      0.64259458      0.26296480E-01 -0.20246061E-01
  0.90000000      -3.3852038      0.65180868      0.26838449E-01 -0.20586460E-01
  0.90000000      -3.3728066      0.66084920      0.27378841E-01 -0.20922511E-01
  0.90000000      -3.3608105      0.66971666      0.27917560E-01 -0.21254165E-01
  0.90000000      -3.3492011      0.67841152      0.28454504E-01 -0.21581370E-01
  0.90000000      -3.3379651      0.68693417      0.28989561E-01 -0.21904071E-01
  0.90000000      -3.3270902      0.69528491      0.29522606E-01 -0.22222211E-01
  0.90000000      -3.3165649      0.70346384      0.30053498E-01 -0.22535722E-01
  0.90000000      -3.3063787      0.71147085      0.30582069E-01 -0.22844526E-01
  0.90000000      -3.2965223      0.71930541      0.31108116E-01 -0.23148531E-01
  0.90000000      -3.2869875      0.72696643      0.31631386E-01 -0.23447619E-01
  0.90000000      -3.2777677      0.73445191      0.32151545E-01 -0.23741634E-01
  0.90000000      -3.2688585      0.74175844      0.32668140E-01 -0.24030361E-01
  0.90000000      -3.2602587      0.74888011      0.33180505E-01 -0.24313483E-01
  0.90000000      -3.2519741      0.75580545      0.33687522E-01 -0.24590451E-01
  0.90000000      -3.2440525      0.76248726      0.34185310E-01 -0.24859262E-01
  0.90000000      -3.2366925      0.76874833      0.34659789E-01 -0.25112595E-01
  0.90000000      -3.2294061      0.77499731      0.35141475E-01 -0.25366872E-01
  0.90000000      -3.2280095      0.77620090      0.35235214E-01 -0.25416014E-01
  0.90000000      -3.2380046      0.76762838      0.34574329E-01 -0.25067176E-01
  0.90000000      -3.2498022      0.75763165      0.33822716E-01 -0.24663763E-01
  0.90000000      -3.2420541      0.76418219      0.34312973E-01 -0.24927702E-01
  0.90000000      -3.2341901      0.77088874      0.34823844E-01 -0.25199528E-01
  0.90000000      -3.2265949      0.77742184      0.35330631E-01 -0.25465921E-01
  0.90000000      -3.2198786      0.78324513      0.35790328E-01 -0.25704736E-01
  0.90000000      -3.2127778      0.78944923      0.36288765E-01 -0.25960622E-01
  0.90000000      -3.2059706      0.79544292      0.36779227E-01 -0.26209289E-01
  0.90000000      -3.1995683      0.80112155      0.37252419E-01 -0.26446246E-01
  0.90000000      -3.1949061      0.80528234      0.37604634E-01 -0.26620727E-01
  0.90000000      -3.1943677      0.80576420      0.37645733E-01 -0.26640981E-01
  0.90000000      -3.1879604      0.81152111      0.38141899E-01 -0.26883745E-01
  0.90000000      -3.1816119      0.81726573      0.38646810E-01 -0.27127454E-01
  0.90000000      -3.1753820      0.82294252      0.39155925E-01 -0.27369763E-01
  0.90000000      -3.1692985      0.82852400      0.39666910E-01 -0.27609477E-01
  0.90000000      -3.1633768      0.83399343      0.40178248E-01 -0.27845839E-01
  0.90000000      -3.1576266      0.83933897      0.40688765E-01 -0.28078285E-01
  0.90000000      -3.1520551      0.84455102      0.41197399E-01 -0.28306339E-01
  0.90000000      -3.1466694      0.84962009      0.41703007E-01 -0.28529515E-01
  0.90000000      -3.1414822      0.85453107      0.42203766E-01 -0.28747067E-01
  0.90000000      -3.1368911      0.85890130      0.42658976E-01 -0.28941803E-01
  0.90000000      -3.1324152      0.86318347      0.43114298E-01 -0.29133686E-01
  0.90000000      -3.1277034      0.86771442      0.43606691E-01 -0.29337906E-01
  0.90000000      -3.1231898      0.87207697      0.44091750E-01 -0.29535727E-01
  0.90000000      -3.1188984      0.87624521      0.44565911E-01 -0.29725862E-01
  0.90000000      -3.1168841      0.87820854      0.44793072E-01 -0.29815811E-01
  0.90000000      -3.1127223      0.88227896      0.45272241E-01 -0.30003111E-01
  0.90000000      -3.1087469      0.88618472      0.45743024E-01 -0.30183900E-01
  0.90000000      -3.1049663      0.88991506      0.46203395E-01 -0.30357572E-01
  0.90000000      -3.1016239      0.89322618      0.46621391E-01 -0.30512574E-01
  0.90000000      -3.0985699      0.89626235      0.47012900E-01 -0.30655426E-01
  0.90000000      -3.0953183      0.89950626      0.47440430E-01 -0.30808834E-01
  0.90000000      -3.0923000      0.90252800      0.47847797E-01 -0.30952485E-01
  0.90000000      -3.0895435      0.90529648      0.48229228E-01 -0.31084747E-01
  0.90000000      -3.0870964      0.90776136      0.48575831E-01 -0.31203044E-01
  0.90000000      -3.0850258      0.90985220      0.48875290E-01 -0.31303797E-01
  0.90000000      -3.0833933      0.91150411      0.49115592E-01 -0.31383669E-01
  0.90000000      -3.0822409      0.91267199      0.49287534E-01 -0.31440283E-01
  0.90000000      -3.0815727      0.91334977      0.49388121E-01 -0.31473196E-01
  0.90000000      -3.0813111      0.91361531      0.49427691E-01 -0.31486102E-01
  0.90000000      -3.0811604      0.91376827      0.49450528E-01 -0.31493539E-01
  0.90000000      -3.0806500      0.91428663      0.49528148E-01 -0.31518758E-01
  0.90000000      -3.0796676      0.91528522      0.49678693E-01 -0.31567411E-01
  0.90000000      -3.0782316      0.91674677      0.49901508E-01 -0.31638787E-01
  0.90000000      -3.0764016      0.91861267      0.50190398E-01 -0.31730202E-01
  0.90000000      -3.0742641      0.92079706      0.50535221E-01 -0.31837648E-01
  0.90000000      -3.0719127      0.92320593      0.50924258E-01 -0.31956680E-01
  0.90000000      -3.0694186      0.92576787      0.51348817E-01 -0.32083924E-01
  0.90000000      -3.0668310      0.92843339      0.51803278E-01 -0.32217043E-01
  0.90000000      -3.0641863      0.93116566      0.52283743E-01 -0.32354295E-01
  0.90000000      -3.0634946      0.93188160      0.52412252E-01 -0.32390396E-01
  0.90000000      -3.0664189      0.92885857      0.51877040E-01 -0.32238347E-01
  0.90000000      -3.0637828      0.93158320      0.52358553E-01 -0.32375342E-01
  0.90000000      -3.0745789      0.92047503      0.50483922E-01 -0.31821778E-01
  0.90000000      -3.0722592      0.92285055      0.50866261E-01 -0.31939083E-01
  0.90000000      -3.0732919      0.92179217      0.50694785E-01 -0.31886750E-01
  0.90000000      -3.0708743      0.92427169      0.51099477E-01 -0.32009532E-01
  0.90000000      -3.0699115      0.92526100      0.51263899E-01 -0.32058696E-01
  0.90000000      -3.0673497      0.92789844      0.51710979E-01 -0.32190266E-01
  0.90000000      -3.0667141      0.92855396      0.51824158E-01 -0.32223083E-01
  0.90000000      -3.0640776      0.93127814      0.52303859E-01 -0.32359963E-01
  0.90000000      -3.0614180      0.93403422      0.52805600E-01 -0.32499297E-01
  0.90000000      -3.0587618      0.93679492      0.53326391E-01 -0.32639754E-01
  0.90000000      -3.0561392      0.93952876      0.53861978E-01 -0.32779759E-01
  0.90000000      -3.0571628      0.93846076      0.53650257E-01 -0.32724954E-01
  0.90000000      -3.0545199      0.94122066      0.54204309E-01 -0.32866877E-01
  0.90000000      -3.0521743      0.94367692      0.54717557E-01 -0.32994019E-01
  0.90000000      -3.0495727      0.94640867      0.55313419E-01 -0.33136382E-01
  0.90000000      -3.0470266      0.94908989      0.55927324E-01 -0.33277143E-01
  0.90000000      -3.0445488      0.95170645      0.56558305E-01 -0.33415543E-01
  0.90000000      -3.0421596      0.95423619      0.57203069E-01 -0.33550369E-01
  0.90000000      -3.0443313      0.95193645      0.56615434E-01 -0.33427758E-01
  0.90000000      -3.0422806      0.95410799      0.57169484E-01 -0.33543511E-01
  0.90000000      -3.0410342      0.95543021      0.57520892E-01 -0.33614368E-01
  0.90000000      -3.0763916      0.91862291      0.50191998E-01 -0.31730705E-01
  0.90000000      -3.0788300      0.91613746      0.49808256E-01 -0.31609006E-01
  0.90000000      -3.0803351      0.91460663      0.49576244E-01 -0.31534339E-01
  0.90000000      -3.0801277      0.91481739      0.49607996E-01 -0.31544606E-01
  0.90000000      -3.0802678      0.91467500      0.49586537E-01 -0.31537669E-01
  0.90000000      -3.0803413      0.91460036      0.49575301E-01 -0.31534034E-01
  0.90000000      -3.0807660      0.91416881      0.97318774E-01 -0.29612922E-01
  0.90000000      -3.0808202      0.91411383      0.91385505E-01 -0.30304743E-01
  0.90000000      -3.0807792      0.91415542      0.96248899E-01 -0.29737744E-01
  0.90000000      -3.0807181      0.91421754      0.10049952     -0.29246909E-01
  0.90000000      -3.0806395      0.91429733      0.10440429     -0.28818454E-01
  0.90000000      -3.0805439      0.91439442      0.10845605     -0.28415412E-01
  0.90000000      -3.0804309      0.91450929      0.11157870     -0.28149052E-01
  0.90000000      -3.0802998      0.91464254      0.11476376     -0.27928466E-01
  0.90000000      -3.0801492      0.91479554      0.11775927     -0.27780524E-01
  0.90000000      -3.0799772      0.91497039      0.12055464     -0.27705869E-01
  0.90000000      -3.0797810      0.91516989      0.12314132     -0.27701603E-01
  0.90000000      -3.0795575      0.91539714      0.12551776     -0.27761673E-01
  0.90000000      -3.0793975      0.91555993      0.12694293     -0.27830890E-01
  0.90000000      -3.0791789      0.91578235      0.12860913     -0.27946754E-01
  0.90000000      -3.0788833      0.91608320      0.13047266     -0.28125256E-01
  0.90000000      -3.0786722      0.91629805      0.13159529     -0.28259946E-01
  0.90000000      -3.0789249      0.91604089      0.13023296     -0.28099222E-01
  0.90000000      -3.0787885      0.91617963      0.13099508     -0.28185282E-01
  0.90000000      -3.0784886      0.91648507      0.13247512     -0.28380631E-01
  0.90000000      -3.0781507      0.91682919      0.13383978     -0.28596706E-01
  0.90000000      -3.0777752      0.91721180      0.13511533     -0.28831897E-01
  0.90000000      -3.0773603      0.91763473      0.13629071     -0.29079420E-01
  0.90000000      -3.0769037      0.91810040      0.13737113     -0.29334979E-01
  0.90000000      -3.0764030      0.91861128      0.13836402     -0.29595236E-01
  0.90000000      -3.0758561      0.91916966      0.13927748     -0.29857652E-01
  0.90000000      -3.0752612      0.91977740      0.14011950     -0.30120348E-01
  0.90000000      -3.0746172      0.92043579      0.14089766     -0.30381971E-01
  0.90000000      -3.0739236      0.92114549      0.14161887     -0.30641566E-01
  0.90000000      -3.0731804      0.92190643      0.14228930     -0.30898459E-01
  0.90000000      -3.0723889      0.92271753      0.14291426     -0.31152108E-01
  0.90000000      -3.0715521      0.92357590      0.14349783     -0.31401851E-01
  0.90000000      -3.0708846      0.92426111      0.14391811     -0.31589687E-01
  0.90000000      -3.0702116      0.92495248      0.14430871     -0.31770393E-01
  0.90000000      -3.0695891      0.92559249      0.14464505     -0.31930814E-01
  0.90000000      -3.0706705      0.92448102      0.14404572     -0.31648065E-01
  0.90000000      -3.0697902      0.92538568      0.14453878     -0.31879644E-01
  0.90000000      -3.0690033      0.92619509      0.14494274     -0.32076564E-01
  0.90000000      -3.0679193      0.92731136      0.14545345     -0.32334899E-01
  0.90000000      -3.0667691      0.92849722      0.14594873     -0.32595458E-01
  0.90000000      -3.0684568      0.92675770      0.14520620     -0.32208524E-01
  0.90000000      -3.0674879      0.92775598      0.14564426     -0.32434113E-01
  0.90000000      -3.0664354      0.92884152      0.14608491     -0.32668823E-01
  0.90000000      -3.0653182      0.92999531      0.14652018     -0.32908248E-01
  0.90000000      -3.0641434      0.93121000      0.14694845     -0.33151045E-01
  0.90000000      -3.0629161      0.93248071      0.14736963     -0.33396621E-01
  0.90000000      -3.0616407      0.93380313      0.14778403     -0.33644595E-01
  0.90000000      -3.0603218      0.93517258      0.14819193     -0.33894589E-01
  0.90000000      -3.0592849      0.93625056      0.14850021     -0.34087249E-01
  0.90000000      -3.0579168      0.93767488      0.14889285     -0.34337054E-01
  0.90000000      -3.0565257      0.93912537      0.14927803     -0.34586686E-01
  0.90000000      -3.0574309      0.93818127      0.14902889     -0.34424712E-01
  0.90000000      -3.0573556      0.93825977      0.14904982     -0.34438250E-01
  0.90000000      -3.0574787      0.93813147      0.14901558     -0.34416116E-01
  0.90000000      -3.0570547      0.93857351      0.14913308     -0.34492228E-01
  0.90000000      -3.0559033      0.93977506      0.14944635     -0.34697135E-01
  0.90000000      -3.0548414      0.94088449      0.14972844     -0.34884001E-01
  0.90000000      -3.0540644      0.94169714      0.14993116     -0.35019607E-01
  0.90000000      -3.0556938      0.93999380      0.14950249     -0.34734146E-01
  0.90000000      -3.0543206      0.94142914      0.14986465     -0.34975000E-01
  0.90000000      -3.0528868      0.94293016      0.15023305     -0.35223512E-01
  0.90000000      -3.0514041      0.94448481      0.15060497     -0.35477777E-01
  0.90000000      -3.0511862      0.94471353      0.15065894     -0.35514941E-01
  0.90000000      -3.0498337      0.94613432      0.15099031     -0.35744552E-01
  0.90000000      -3.0486120      0.94741950      0.15128475     -0.35950532E-01
  0.90000000      -3.0483226      0.94772413      0.15135387     -0.35999138E-01
  0.90000000      -3.0469308      0.94919093      0.15168333     -0.36232098E-01
  0.90000000      -3.0537286      0.94204853      0.15001786     -0.35077935E-01
  0.90000000      -3.0553847      0.94031667      0.14958488     -0.34788624E-01
  0.90000000      -3.0538900      0.94187968      0.14997627     -0.35049931E-01
  0.90000000      -3.0537148      0.94206297      0.15002142     -0.35080329E-01
  0.90000000      -3.0553597      0.94034278      0.14959151     -0.34793021E-01
  0.90000000      -3.0538673      0.94190338      0.14998212     -0.35053863E-01
  0.90000000      -3.0523307      0.94351290      0.15037353     -0.35319167E-01
  0.90000000      -3.0507572      0.94516389      0.15076468     -0.35587952E-01
  0.90000000      -3.0491528      0.94685039      0.15115495     -0.35859506E-01
  0.90000000      -3.0475229      0.94856669      0.15154377     -0.36133165E-01
  0.90000000      -3.0462284      0.94993194      0.15184781     -0.36349154E-01
  0.90000000      -3.0471444      0.94896566      0.15163308     -0.36196431E-01
  0.90000000      -3.0467241      0.94940892      0.15173185     -0.36266575E-01
  0.90000000      -3.0451927      0.95102579      0.15208840     -0.36521241E-01
  0.90000000      -3.0436370      0.95267107      0.15244577     -0.36778627E-01
  0.90000000      -3.0420721      0.95432901      0.15280099     -0.37036417E-01
  0.90000000      -3.0406959      0.95578943      0.15311029     -0.37262333E-01
  0.90000000      -3.0435875      0.95272347      0.15245707     -0.36786798E-01
  0.90000000      -3.0494763      0.94651004      0.15110452     -0.35818379E-01
  0.90000000      -3.0493360      0.94665765      0.15113884     -0.35842282E-01
  0.90000000      -3.0484645      0.94757475      0.15134962     -0.35989797E-01
  0.90000000      -3.0474312      0.94866326      0.15159600     -0.36163521E-01
  0.90000000      -3.0463059      0.94985020      0.15186095     -0.36351684E-01
  0.90000000      -3.0451172      0.95110556      0.15213752     -0.36549469E-01
  0.90000000      -3.0438822      0.95241164      0.15242171     -0.36754070E-01
  0.90000000      -3.0428745      0.95347862      0.15265147     -0.36920423E-01
  0.90000000      -3.0415891      0.95484128      0.15294207     -0.37131942E-01
  0.90000000      -3.0402990      0.95621104      0.15323128     -0.37343608E-01
  0.90000000      -3.0394249      0.95714020      0.15342595     -0.37486693E-01
  0.90000000      -3.0417330      0.95468866      0.15290967     -0.37108300E-01
  0.90000000      -3.0403031      0.95620663      0.15323035     -0.37342927E-01
  0.90000000      -3.0388413      0.95776103      0.15355540     -0.37582091E-01
  0.90000000      -3.0379772      0.95868102      0.15374635     -0.37723170E-01
  0.90000000      -3.0366707      0.96007373      0.15403359     -0.37936132E-01
  0.90000000      -3.0368644      0.95986715      0.15399112     -0.37904588E-01
  0.90000000      -3.0365484      0.96020416      0.15406039     -0.37956041E-01
  0.90000000      -3.0368420      0.95989095      0.15399603     -0.37908231E-01
  0.90000000      -3.0355575      0.96126189      0.15427706     -0.38117290E-01
  0.90000000      -3.0361835      0.96059353      0.15414029     -0.38015448E-01
  0.90000000      -3.0360060      0.96078299      0.15417910     -0.38044332E-01
  0.90000000      -3.0359274      0.96086690      0.15419628     -0.38057121E-01
  0.90000000      -3.0365154      0.96023939      0.15406763     -0.37961425E-01
  0.90000000      -3.0362087      0.96056669      0.15413478     -0.38011354E-01
  0.90000000      -3.0349601      0.96190023      0.15440730     -0.38214425E-01
  0.90000000      -3.0359267      0.96086774      0.15419646     -0.38057249E-01
  0.90000000      -3.0352936      0.96154389      0.15433464     -0.38160216E-01
  0.90000000      -3.0341729      0.96274188      0.15457846     -0.38342307E-01
  0.90000000      -3.0332084      0.96377423      0.15478759     -0.38498887E-01
  0.90000000      -3.0318828      0.96519476      0.15507403     -0.38713878E-01
  0.90000000      -3.0308525      0.96630038      0.15529599     -0.38880865E-01
  0.90000000      -3.0297328      0.96750325      0.15553660     -0.39062222E-01
  0.90000000      -3.0285018      0.96882759      0.15580056     -0.39261539E-01
  0.90000000      -3.0271288      0.97030664      0.15609432     -0.39483737E-01
  0.90000000      -3.0257479      0.97179662      0.15638928     -0.39707185E-01
  0.90000000      -3.0243685      0.97328711      0.15668352     -0.39930348E-01
  0.90000000      -3.0232011      0.97455047      0.15693237     -0.40119245E-01
  0.90000000      -3.0221377      0.97570262      0.15715894     -0.40291321E-01
  0.90000000      -3.0226659      0.97513019      0.15704641     -0.40205849E-01
  0.90000000      -3.0214240      0.97647660      0.15731097     -0.40406821E-01
  0.90000000      -3.0202730      0.97772629      0.15755621     -0.40593157E-01
  0.90000000      -3.0190288      0.97907885      0.15782137     -0.40794629E-01
  0.90000000      -3.0178119      0.98040361      0.15808088     -0.40991775E-01
  0.90000000      -3.0177208      0.98050279      0.15810030     -0.41006528E-01
  0.90000000      -3.0164605      0.98187680      0.15836933     -0.41210810E-01
  0.90000000      -3.0152292      0.98322100      0.15863248     -0.41410497E-01
  0.90000000      -3.0140392      0.98452188      0.15888717     -0.41603606E-01
  0.90000000      -3.0134718      0.98514276      0.15900876     -0.41695727E-01
  0.90000000      -3.0161906      0.98217130      0.15842698     -0.41254572E-01
  0.90000000      -3.0149645      0.98351030      0.15868911     -0.41453453E-01
  0.90000000      -3.0239932      0.97369314      0.15676355     -0.39991082E-01
  0.90000000      -3.0225643      0.97524022      0.15706805     -0.40222282E-01
  0.90000000      -3.0227308      0.97505985      0.15703258     -0.40195344E-01
  0.90000000      -3.0223568      0.97546510      0.15711226     -0.40255862E-01
  0.90000000      -3.0264937      0.97099161      0.15623003     -0.39586508E-01
  0.90000000      -3.0252909      0.97229014      0.15648679     -0.39781115E-01
  0.90000000      -3.0238416      0.97385714      0.15679586     -0.40015607E-01
  0.90000000      -3.0239775      0.97371009      0.15676689     -0.39993618E-01
  0.90000000      -3.0224988      0.97531117      0.15708200     -0.40232877E-01
  0.90000000      -3.0226781      0.97511694      0.15704381     -0.40203870E-01
  0.90000000      -3.0213378      0.97657017      0.15732935     -0.40420779E-01
  0.90000000      -3.0201009      0.97791320      0.15759287     -0.40621009E-01
  0.90000000      -3.0187637      0.97936722      0.15787787     -0.40837559E-01
  0.90000000      -3.0174473      0.98080079      0.15815865     -0.41050848E-01
  0.90000000      -3.0161618      0.98220270      0.15843313     -0.41259239E-01
  0.90000000      -3.0149183      0.98356079      0.15869900     -0.41460950E-01
  0.90000000      -3.0137364      0.98485320      0.15895205     -0.41652769E-01
  0.90000000      -3.0133540      0.98527171      0.15903402     -0.41714857E-01
  0.90000000      -3.0123772      0.98634164      0.15924364     -0.41873528E-01
  0.90000000      -3.0115045      0.98729855      0.15943121     -0.42015373E-01
  0.90000000      -3.0104549      0.98845062      0.15965721     -0.42186068E-01
  0.90000000      -3.0095208      0.98947707      0.15985875     -0.42338085E-01
  0.90000000      -3.0090614      0.98998235      0.15995803     -0.42412894E-01
  0.90000000      -3.0082274      0.99090010      0.16013851     -0.42548737E-01
  0.90000000      -3.0076570      0.99152832      0.16026215     -0.42641699E-01
  0.90000000      -3.0074829      0.99172009      0.16029992     -0.42670074E-01
  0.90000000      -3.0068993      0.99236340      0.16042667     -0.42765243E-01
  0.90000000      -3.0064558      0.99285260      0.16052314     -0.42837601E-01
  0.90000000      -3.0061794      0.99315757      0.16058331     -0.42882705E-01
  0.90000000      -3.0060280      0.99332466      0.16061629     -0.42907414E-01
  0.90000000      -3.0059665      0.99339248      0.16062968     -0.42917443E-01
  0.90000000      -3.0059357      0.99342650      0.16063639     -0.42922474E-01
  0.90000000      -3.0059115      0.99345315      0.16064165     -0.42926415E-01
  0.90000000      -3.0057405      0.99364193      0.16067893     -0.42954330E-01
